2711
333
4367
11441
9503
7562
3241
656
196
10039
8646
4349
8504
662
2505
6898
7915
8619
7327
3007
2074
2071
3695
2374
4611
610
5261
2772
9937
7509
1980
11382
9027
3358
384
2897
9151
8503
6506
10215
11871
8309
9068
11938
11275
9356
7410
6070
618
4921
815
428
10665
3365
10942
2221
3732
488
10372
11836
4282
2864
3020
76
4759
1604
12107
1149
1944
5175
4428
776
3630
5906
6561
1369
514
10071
8735
9505
7839
9664
9632
2457
10481
10419
6681
3487
8466
10779
10861
8969
5359
8349
4567
6020
8511
7657
11138
2902
6497
12300
4477
7622
10830
7259
5426
6147
844
6224
5006
6691
5964
7145
2873
7191
457
2529
4137
8677
7916
3892
3658
1821
5918
9123
7859
9783
6772
3449
7926
1670
2157
1295
3414
5653
5182
9667
5535
4599
2154
9781
371
797
3837
5407
1049
5965
8467
3189
9026
2863
10414
11421
3547
3180
7761
5759
2004
2016
8384
1492
9469
277
7429
3744
11167
2606
8977
9103
6923
6440
2117
6230
8330
7325
5012
207
3031
5400
12
3160
5511
6615
937
8052
2520
2487
8482
954
9478
10255
5118
6413
638
1088
7817
4130
11323
7473
10118
6491
3817
3751
9474
800
11873
11150
2800
11178
8202
11480
780
3900
2735
7320
8103
9303
10348
8212
423
10235
2311
3703
7287
6649
1069
1498
5367
6983
6798
3137
5645
8290
1330
10952
9712
10513
3326
7061
12032
6617
7981
8781
665
9643
8836
10103
7822
11855
10095
3127
3322
5511
8091
4202
1939
3753
4303
5712
9132
7611
8094
10650
6336
4468
2438
1961
5255
3678
2149
646
4931
933
3467
6659
8971
5713
1803
2187
8986
8050
12296
5552
8462
3237
9120
8556
8478
10156
11384
271
1209
10168
683
1466
4812
9853
10367
4862
1994
2399
2280
3631
56
5683
5087
2292
12064
3555
11000
4510
6247
10743
9901
7698
5647
9322
9719
6599
12329
3359
9806
9482
7307
7744
6179
10923
2731
11647
11620
3703
9964
4723
10339
4193
481
6181
3942
4349
10512
9735
3714
5725
11681
7180
8932
8218
9396
3567
6869
7935
725
10569
8675
10256
5173
6526
11842
6757
11568
4542
9258
2346
2412
9635
11847
1607
1898
7201
6179
1608
8007
2514
7777
1919
8967
1423
628
4942
4911
3320
10216
9196
1466
8386
4937
3545
3549
10236
10091
6108
3749
2625
5725
9236
6212
711
4480
3587
791
5843
11737
11923
2939
1921
1062
3321
4759
8674
10055
1448
11689
5428
7296
2918
8464
4564
10972
6492
12205
9499
7292
1959
2626
1717
511
216
9534
32
2009
11975
5105
4817
11437
9954
2235
5881
5326
11671
7321
6683
8549
1596
1762
8647
3551
2784
11411
1412
8161
6034
3760
10580
3255
774
2774
2239
4875
2668
7859
7747
3621
8694
4952
11950
1038
1440
8559
7823
3674
8626
4016
4508
4481
4225
1255
11128
3190
4444
10672
6748
2470
3073
7716
10983
6493
8591
44
2174
11923
11682
9626
10482
9925
7424
9112
3613
7867
2941
7130
6428
7631
5070
10010
6186
10899
822
4212
2112
398
2585
643
4568
4814
7876
7366
2715
11016
3831
4721
567
6445
4662
489
3634
472
10745
7446
9065
9881
1336
3671
5116
8624
3763
10056
7535
4632
4374
6044
4732
6735
471
3780
11471
9320
5252
2574
8978
5148
9443
5482
11755
6688
6011
2990
12256
9528
5370
2395
11032
3203
12225
6086
528
1631
10317
772
1513
5521
11385
476
11423
11306
4195
1920
11575
5795
2829
8533
11437
7250
5211
4916
9953
9013
9093
5011
4678
4467
8929
4604
8746
2172
6494
3595
3219
11328
7643
1236
9023
4504
2595
6636
4085
5582
12107
8893
1416
574
3234
12321
11161
3979
11218
864
2541
5672
10829
10631
6428
5787
7632
2649
6049
849
8676
3462
8749
8964
11541
11331
6212
5264
130
5559
6836
7082
6709
3331
4611
5496
4348
9170
10739
5274
11776
4500
6442
10554
12432
3296
9277
10876
5685
1339
10481
7117
4834
7399
9012
9378
9678
446
9981
2001
5320
9996
3125
1792
463
9683
8446
8265
3276
9667
6732
4331
3682
8187
8620
1764
4548
3308
10
3138
1377
7755
6950
3
10323
568
7633
8141
11677
12029
4291
4959
7883
5919
4506
682
1658
2404
5440
9532
4572
7722
3865
4509
966
6801
8769
1632
4517
12081
7654
8168
721
1211
10025
8106
2941
7177
8192
9816
10410
1629
11107
11472
3083
4751
4384
12104
1725
9022
11554
1496
319
7361
10853
6594
11006
2519
6304
11616
4713
11299
1111
8935
11764
3751
2228
1062
409
129
12406
11848
1249
4558
1916
3920
8004
2753
3127
11087
574
2072
95
9874
2913
6028
7742
9400
3426
8422
1092
9811
8749
8684
5001
8347
8415
10585
10506
8493
7150
4276
2609
3091
11797
1802
9073
2775
12216
1220
5627
9972
2030
5515
10389
4639
9795
5265
6896
1694
9942
109
11934
328
10490
7731
8907
12118
201
8872
5268
1209
7167
7394
12179
1381
6307
9740
9239
5727
3945
9736
9363
8261
7633
7794
9833
2092
2237
10799
28
347
7491
9781
5012
1993
4465
6970
486
7700
11848
7956
1091
6178
2788
9053
7670
7346
4239
1691
3436
3221
7033
8502
2197
5647
3982
10093
5735
10306
2582
9214
8963
11417
9174
12351
2125
11985
1768
6785
5288
5540
9875
2643
7013
9933
8834
5885
6315
1016
6470
12269
947
6303
738
4915
2186
160
77
599
6887
4591
2641
8881
806
12298
4177
713
5193
4617
6894
2411
10428
5242
12122
11151
3710
6929
10355
4964
215
3439
2739
1362
9227
1500
2488
528
3200
1447
549
7153
4802
7594
6433
9037
6969
6314
7402
8897
11896
9710
7162
9276
7836
387
6825
2950
1417
290
179
1798
5171
7107
1756
3127
289
8370
190
11246
9812
8474
11143
8989
8681
6939
737
9323
12017
4299
6081
6763
5561
4275
5147
4049
11056
4176
9221
9866
823
11399
10231
6463
10149
10873
3728
2024
5792
12270
10211
1211
2989
10809
8834
1000
1218
11711
4337
98
10988
2081
4896
822
611
8758
6750
11616
17
2201
1551
10170
5024
1143
11941
4369
6143
284
2884
4698
12347
9231
12294
11415
3131
8173
2488
11865
1011
11463
5410
299
1954
1822
3142
6763
9000
6910
9938
1034
10015
9275
6958
7617
7720
6954
12010
7959
10847
3032
1196
7658
11133
11317
8674
321
3997
124
7809
8629
5180
590
4188
4836
9287
5474
9700
10075
3708
5049
2484
8190
12301
6736
1244
9473
4792
5711
5590
637
1379
11297
6688
3938
1266
3746
467
2048
5685
10129
10453
6342
5956
473
9452
7037
8611
9715
10125
6444
4457
8941
4460
1132
4491
3120
9143
7934
7978
7605
5829
6401
6003
9313
8390
4275
2443
8064
12431
8763
10763
12120
10307
6347
8664
10345
1516
359
4214
814
5711
168
12261
1785
4803
3461
5910
6720
535
755
3245
9566
7146
8576
11617
1502
1231
1461
9229
11645
8010
10032
7288
7982
772
4397
3411
4459
2692
10985
11817
7317
3186
11045
9423
8306
272
1748
10038
2023
6968
4615
7432
5945
476
11789
1150
4140
5764
9988
4690
9208
2896
5548
5493
223
7369
8382
697
10713
10481
4730
9260
576
5001
684
9001
3636
11014
6017
1338
6787
11426
5467
4212
3966
12270
800
9264
7422
4600
10425
10811
2703
1269
9729
9223
4799
5821
10611
2484
4914
11063
5676
7595
6779
7013
5358
8406
12116
5763
9259
4200
1449
6622
6087
2802
6418
2394
10933
10365
5235
8560
10515
4739
5190
12309
11622
5713
8256
1507
6592
1908
8073
5005
2444
2345
8047
353
12270
106
7629
10363
9488
9459
11557
3010
5140
8413
9419
9982
10752
6418
10096
11833
6383
10588
5613
10602
10061
4364
9654
11641
51
7775
940
6688
4588
11453
5451
2938
1277
2984
10205
9695
656
480
1008
5024
10667
10109
12112
6222
5914
2752
4502
590
11296
5682
2192
4909
5706
10170
6141
12434
9913
7059
6850
6050
11772
4761
10688
9799
11458
1855
8169
5491
11846
8052
10336
1911
6323
10249
8683
105
10696
12249
1717
9757
8151
9342
6398
8351
693
4303
8950
3395
4136
251
3006
8031
6415
118
1739
4788
1466
1959
5648
3827
3938
8233
2660
4960
8605
337
11863
7830
7546
10518
10824
7336
11318
1785
24
6316
6038
3116
10462
1983
8861
7818
5344
3690
6414
7862
7915
1952
3696
383
6856
6092
2018
8416
1392
965
4674
7805
7603
576
133
6137
4908
3191
8427
3227
11005
5742
11029
11551
5746
4254
2071
8716
2753
8182
9459
9705
9332
3303
8830
542
7604
3944
553
7554
12041
6780
8722
5375
3638
2320
1513
5013
770
3766
4198
424
7261
6161
3763
2027
11965
7320
12310
4330
7600
12276
5405
10999
5865
1511
2340
4561
5409
11800
687
6415
5815
10849
5992
4552
5070
4988
1702
4879
3167
514
8691
3301
1394
8762
3500
502
3228
2318
1286
6602
9575
7324
8200
8019
7808
853
7083
11175
6313
9463
5655
6307
3985
10704
5741
10963
6356
4204
9542
10056
2658
2747
2050
6672
10402
4641
9933
1201
12200
3419
12394
364
11676
4652
1944
9235
3172
10469
11460
615
1766
6348
7311
10608
4914
9548
7898
5532
6405
11673
2803
8179
6362
4316
5299
4528
2199
251
8603
1810
3039
1446
2234
9909
3357
6008
5211
3995
2707
4254
2277
9278
5863
8633
7410
6626
6049
1373
3764
11900
11421
9230
7293
2145
9941
4835
773
645
9773
6948
503
2824
8178
5509
2942
9407
4941
2796
8642
938
5045
11774
6342
6108
10012
7269
9470
4268
3817
2585
6512
1877
12252
4926
6325
7841
2110
11299
7695
3685
9643
7099
9785
6194
8587
2029
12058
8546
6764
504
12231
3620
8097
1970
11795
9897
5105
10697
1183
3215
10359
7574
11700
10457
119
7141
3354
10568
3950
10873
4008
705
6999
8710
9580
703
7205
4657
2004
6187
9999
11352
3307
9172
7798
9485
379
10239
5548
12180
11929
7108
878
2283
6339
1023
2663
9898
8401
8653
1868
406
2051
4412
2761
8648
8889
3590
2490
10558
3472
3404
1418
8203
2813
398
2847
3369
9657
7361
5411
8711
6287
2596
8360
1620
8159
7583
1934
5279
8987
4008
3574
8592
1317
6809
1941
7685
2936
6160
5460
8000
3184
12431
8653
7238
5921
4119
3172
9776
7425
8116
699
9451
1358
5441
10172
11667
3870
12431
9883
1927
2018
2779
9557
9567
4334
1806
41
4715
8137
3709
9056
10214
7200
11520
3107
5933
1679
294
8032
5295
6917
688
7468
11995
6161
2205
8655
9337
8135
10199
2219
634
4757
4320
11697
12293
3250
1738
11245
11044
9639
11806
1530
12238
7974
7253
2066
3393
5171
11087
9469
6758
10572
12342
6617
2329
409
735
7029
11626
1749
4830
4870
7922
1905
4089
3488
12107
628
4038
3284
141
6459
4457
4982
6796
6523
11352
7438
1980
7365
2653
359
4851
1127
3978
725
1996
3651
1573
5446
768
11420
2681
11332
2379
11360
10620
8303
5805
10649
4241
10334
10077
12013
4270
2434
8919
12394
6504
36
640
3679
4343
4625
2826
4705
10845
5800
11241
3678
1966
5848
6619
2609
6981
9203
1588
2402
10550
952
7694
2731
3081
11931
264
2216
3407
10586
11043
9053
2404
3462
3369
6360
4473
6374
9526
400
5280
897
4172
11427
2885
8108
3851
231
5969
9325
11804
140
5193
10083
1806
7205
6255
9504
3978
7175
298
10204
7684
393
1390
10099
9506
6225
6228
8464
605
1833
2883
6436
6960
9820
11528
2740
2099
1548
5971
11700
3028
1827
12201
8118
11309
2137
9369
7796
11970
9570
8804
8674
12226
5292
2629
647
8779
5556
5851
12039
6716
7974
8498
5861
10438
3937
9107
2353
7962
12409
8971
1300
11037
11707
6285
6405
901
3510
12050
2833
2943
9154
8932
10295
11557
746
7234
4003
4050
7576
726
9073
11022
440
4537
5049
3098
7299
9740
2422
7753
11387
2833
6132
5830
5016
8132
8225
4045
8821
4729
3077
784
2613
7136
6155
7134
8652
7893
9761
966
10818
1745
11575
1782
11930
1012
5656
5451
3787
10441
8248
5771
6224
11354
8305
9237
3364
4933
9241
8558
5852
4134
8288
2159
9847
9468
4914
10398
2413
4014
9668
6875
4148
11403
8496
6094
12267
8208
3285
11574
8217
2970
296
9391
3296
6323
9960
3999
1159
1673
4199
2717
10735
12116
10154
12285
5509
5826
767
3604
9875
1261
3244
11017
4919
3536
6704
7554
1670
2609
7064
6457
3160
10563
8591
2836
88
11185
8040
8958
11091
7317
12326
11539
3882
2683
2594
11552
643
1877
1100
1229
8403
12026
11058
11100
9235
7870
6334
5316
7099
167
11359
11583
6361
866
1494
11178
2009
9589
12030
4458
4414
5356
7223
3896
7206
10497
12011
1112
5938
10689
4518
120
10000
5488
6052
9746
1480
2298
10242
4556
741
1848
6306
12056
4007
1737
1854
8069
10211
8807
7431
7415
5665
1231
4727
12061
11931
10013
3965
7451
1142
11552
3443
10389
1990
1233
3552
4735
6488
2009
2
102
9198
174
7043
8310
5927
5471
5540
6948
3116
5901
356
7535
4066
8303
9652
9096
4726
10688
2216
11167
12204
545
909
4177
12256
9605
11780
29
1910
9145
6593
11656
11199
425
7391
11472
4804
4027
7103
3316
2667
5672
5848
4721
7200
5808
9425
743
11047
2392
9500
2763
7289
7850
8564
8372
8769
8589
7507
3923
5784
11448
6233
10976
10153
12363
7852
10086
9048
12294
12382
4406
11627
10503
9290
12030
7310
9589
4470
5280
3144
8008
3279
2978
5285
2428
6374
7910
5116
8865
7930
1598
9338
2785
8802
9767
5682
6973
3378
2386
7726
3182
3020
7703
8344
9438
7975
1888
8517
8760
5007
9692
515
4863
4237
2464
3429
312
6782
8822
3879
7599
9369
10042
8615
4059
8209
319
8831
9227
11904
1933
587
422
6025
9575
407
7985
11017
3249
265
7084
9864
9069
3347
9551
12251
7940
11919
45
11766
8123
10087
11750
12376
5759
8391
10472
11305
11678
11707
977
250
1431
11179
7156
9217
10825
6051
5973
10954
10720
8883
4246
10165
3728
2464
7050
6209
2277
9515
5204
8681
130
11730
8852
4756
9685
