6983
3960
5793
4189
4840
5649
5863
11586
8214
12092
674
3566
1265
6789
1485
6680
3065
3809
824
9131
10072
289
10604
12081
7738
9126
4211
10904
7933
4257
7473
10984
12105
210
10966
1104
1378
2889
10177
11115
3960
1780
12316
1010
4285
9785
11438
4939
5058
32
827
3551
11466
861
5011
9824
8122
8667
1195
6446
4797
4171
2071
3752
7710
5479
6747
4666
8326
7995
5756
8143
10509
2610
10667
3568
7193
2790
4435
5590
4676
1197
792
11390
5719
7610
5351
8256
9353
7290
10633
9156
12341
2409
3976
1865
5698
10143
2030
9709
1950
6498
6770
6896
66
9981
10437
4871
7673
121
3222
6220
4695
1263
8399
10225
6008
6348
5609
132
9381
529
12249
4588
1427
10371
2259
3626
1072
6199
7524
9271
7183
1546
10745
7835
11639
5097
8272
7279
5104
7633
2724
1995
9142
8536
3567
10042
5647
6271
7971
12213
8321
3321
8191
8974
1150
5625
17
103
12064
132
4076
481
10640
2372
7715
3469
377
5123
3291
4102
4305
4909
7706
2124
4254
6610
3677
8908
10514
7231
446
2931
10086
7202
6899
7802
2964
5098
5411
2873
9514
12350
5389
7820
7418
2491
370
7254
633
7246
6339
4990
9117
2001
1757
5418
1558
5787
2932
6078
3957
6607
6318
7236
2613
11139
2298
9940
5533
8386
5937
4181
5359
808
9735
10777
3786
1073
5491
6438
11732
5580
6153
11947
5813
8957
10333
12360
987
11433
3184
7639
11033
1835
71
2610
5397
749
10431
9392
3951
1750
2543
8389
2597
8482
11414
6742
9481
1560
4705
7913
9856
2558
3279
3998
11566
7461
3921
3194
4375
103
10122
12194
5029
1367
12238
501
1024
790
84
12379
6206
4942
9528
3953
11017
10145
8702
10666
11753
10979
2589
11122
6652
2520
1584
4509
10281
10707
7356
1263
10959
3132
3440
5991
664
2579
485
8036
12424
1169
802
5383
3332
2128
6510
5544
6458
7189
6469
5149
1464
8936
375
6746
6725
10238
3817
6615
3558
5658
4702
2389
857
359
2777
668
488
2839
3943
947
12234
12201
3875
10668
12094
7744
7534
2397
10303
10704
5803
4949
1262
8455
4556
2494
3574
851
736
10220
7166
8858
12318
9617
10053
9162
8171
10432
542
3104
3913
9226
5847
6892
11911
9969
11780
11585
639
4223
3536
10820
12234
2254
3919
2469
10638
2385
10505
10426
7692
6403
7204
11398
3801
10011
3259
4574
5374
3129
6236
5429
6696
4415
10015
3106
12154
8477
1957
4537
648
6318
199
749
2158
6877
5563
3721
899
6724
7110
5825
1267
2320
874
11400
1875
6616
1824
919
7068
1423
9136
6174
7200
2648
4460
8219
12268
5411
352
996
3454
1359
1540
7657
11552
7183
6664
1534
4859
8400
8435
100
3753
2301
1914
4457
12133
10593
1821
3918
8768
9717
9228
4981
1872
8667
12088
4026
6760
3546
7964
2301
6159
8098
5447
6453
7016
7786
11948
8933
10883
818
3305
4431
7930
7389
1692
6982
9018
11329
7868
4325
12056
9918
8977
2975
11285
613
655
10270
1367
4847
11993
9515
2548
10169
7633
9636
3795
4837
9262
4945
8762
827
12396
8244
2727
3524
11793
11625
9829
11118
11894
7370
3525
9296
2285
8212
7323
4888
2754
4187
2564
7294
5184
7468
10492
3504
7479
10586
11442
7891
8609
7580
6987
5381
6572
3628
5581
229
11723
8784
2809
3152
3304
383
5457
3792
7056
11162
7216
1597
1630
11572
1057
1070
5316
9470
2092
12135
10497
10841
6719
3353
7650
7956
4468
8548
2758
11089
1548
11663
7478
5372
12041
6140
5146
2721
1067
6671
11648
4964
4672
3956
6723
12295
12173
9145
6136
4755
6393
8160
3022
9517
5145
5134
3955
2824
1107
9778
2392
3099
2177
2181
9222
3417
12177
3812
6387
10750
4658
2675
3119
517
680
10403
2697
5030
1468
250
9692
9480
1375
291
3095
1358
11717
11120
2684
9264
3734
4902
11509
7875
12247
1336
1835
9685
5040
7318
7161
6577
1576
245
8719
11764
3635
207
11340
715
11608
9558
5547
11417
8716
3859
2419
11051
2806
1508
9285
6309
6134
1950
12088
690
6972
1710
10029
5591
3285
8883
11737
6582
5583
6459
6229
11449
5496
5190
7279
7815
7089
10455
4566
2293
9061
4098
9320
7267
437
4586
6549
9122
908
162
4833
8563
12131
5287
10796
1438
8488
10396
9720
9984
2960
252
7543
8866
3211
6186
9737
12261
4852
5815
9161
3418
8052
3291
538
10513
2627
8204
6438
4572
2477
3460
2689
364
9259
11426
7605
3977
4172
444
8070
1518
11700
5991
7852
8994
10961
9359
7047
3583
6255
11235
4248
1700
6409
8383
1872
4706
6558
4621
11205
7416
2310
3083
12413
9477
7078
10354
12121
5457
2788
221
6588
5153
8404
5347
9201
6688
8808
3376
3142
7046
4352
5725
4212
5531
10323
7678
6992
9825
2499
11997
5463
5265
5209
12394
5179
7918
4623
7260
3669
6160
10111
3570
10101
11540
1591
9160
752
5229
1619
8878
6980
10891
232
1955
5742
10678
4608
8734
9588
7655
4175
3277
238
2520
602
7106
5728
4082
5793
10172
2375
8815
6672
2144
881
7950
8337
292
6108
4783
10726
9515
8609
8630
4207
2725
4142
11801
795
3471
4575
4343
3369
685
2927
8207
11520
3604
1446
1185
10099
2991
4647
4463
1131
3083
879
4825
5678
10308
6158
4381
6624
6338
5421
11134
5941
3517
10323
5590
5314
2038
378
359
5330
5283
1189
804
10982
2420
3990
2134
2216
7837
11606
6733
5377
561
9808
6030
4517
5669
6654
1600
7758
6790
10560
4248
6828
4063
2769
2902
9040
1418
390
12246
11781
4137
58
10090
6846
9600
4224
4339
10770
8370
645
11721
7199
4185
8505
3572
652
8980
6357
6470
2378
10206
7237
4551
9987
8369
10111
6677
7340
6983
7625
10495
11857
2232
1844
3001
6705
8083
553
3427
8666
7261
9477
11141
9909
3268
6979
9102
2634
4574
8905
7336
4674
8488
10258
10518
8819
2630
9924
11856
9542
11054
2697
10872
5691
4513
11258
112
656
5010
2052
1249
10448
4424
2373
10022
12397
10699
9303
1795
5711
5293
10722
2914
2743
647
5624
9257
10581
7094
6213
3749
2337
9736
11014
9521
6764
8360
6824
9548
4460
11305
2860
8917
8660
11184
11860
7631
6583
11154
11210
11814
8972
2418
3095
7198
7867
2419
4226
6569
2447
11627
10543
12285
11669
1545
10611
1378
10906
10904
11905
5643
11400
5326
2828
11218
1403
1522
11338
11421
5324
875
1172
6830
4599
8633
2308
3272
11828
3523
8834
7263
11154
3816
8791
2529
5166
2478
11366
12347
6188
5524
4856
4323
6535
8136
6779
9016
5015
9666
1073
7231
10879
260
8051
3495
1140
5030
7543
477
8822
11371
6270
321
4372
810
1569
7582
3789
1870
10814
8295
4652
6064
5677
3252
3528
1435
7532
9043
10353
9058
3670
3887
8416
218
5628
10311
7205
7656
1905
5897
4747
10136
6484
9338
11614
1598
7175
6284
4776
737
10352
3850
1124
2913
2845
6980
3694
12378
8074
547
12136
10278
4152
11085
7958
1604
11759
5600
11397
10920
3055
1779
202
6005
748
1327
4535
11615
8537
7447
11631
5091
11447
221
6049
3079
4115
10013
2591
2609
5296
4380
4303
9127
11868
228
2441
3918
9526
2844
6070
4624
1426
2715
905
4016
5762
5627
5418
3410
696
11195
6643
9151
1753
10281
12198
11310
4795
1932
5109
5241
11358
3730
174
6607
1879
10608
12101
12136
3752
3159
5953
8110
9307
10601
10870
11106
7668
8949
34
1032
8731
4646
7249
10942
2129
4384
7100
11518
3039
9713
11603
5828
12430
12130
6747
4562
2430
4203
1365
6222
7348
10556
8464
7273
6602
1082
11037
1419
6850
6799
4295
620
1228
5913
6357
1337
8630
66
7176
6698
1838
2851
8069
5182
11656
3685
7264
11689
7372
11189
3254
12054
5229
8010
12024
6946
1540
12060
3951
1012
9699
7693
1798
3686
6125
6874
7364
5230
6663
5040
9770
9503
2287
1759
2712
3550
3115
872
10612
11330
187
6098
1579
4019
12189
6015
2999
1031
2058
5579
5922
7323
11093
10289
2798
557
8357
1350
4269
4302
134
10509
757
6002
5416
10584
3050
11149
881
9587
6221
10610
2189
965
10559
2154
3508
4269
4981
10248
8093
2932
468
7428
5261
11420
9294
10247
7685
7393
6677
2157
4643
1480
9078
7124
74
8624
10391
5253
11748
957
7114
7516
2336
4305
11862
4427
5134
4261
4265
5935
11957
12105
734
2534
6845
6987
1266
5448
2846
9145
7413
9674
6917
11918
2270
12119
11956
3802
2718
7224
4929
5287
2208
2045
11544
5965
7084
6568
1256
5160
1450
6005
8831
10851
9598
9392
8808
3807
2476
3516
10453
9256
7793
7684
1038
2225
11740
7729
6080
1164
3034
4305
6839
7182
3690
11467
8491
8365
4132
1127
11564
2531
9821
6559
7381
1828
10722
9619
1141
10466
8975
5030
800
11279
6980
8971
9507
8781
12049
4960
5686
6750
10320
12362
8910
2080
6278
8290
10814
6875
11555
5307
8584
1261
1535
3922
3277
10327
12284
12123
2615
8880
1775
11505
10607
4952
7927
11429
2160
1518
7844
8745
5493
4819
4836
2083
12058
4123
9749
3647
3038
11855
5903
4427
2252
11147
1044
9493
5865
9037
11399
7677
166
422
7928
9740
10882
1816
11296
9162
3031
7219
11451
11306
4029
8689
10614
4103
1976
7337
7717
9565
4843
2307
5608
1723
12002
9603
9571
444
1214
6491
1842
6584
2765
430
8215
12069
9556
4539
6369
11692
698
75
8642
7129
8448
10252
805
5528
4216
4195
8953
9879
7594
202
8990
2288
10247
5626
11883
861
10770
9948
6046
4195
142
4067
11636
3999
8634
9120
2544
1548
5014
1373
4970
8757
6759
7120
10717
3579
5926
1256
6194
3155
5437
3519
10023
7856
1523
12398
132
2128
11781
9687
5159
3896
11014
9338
11929
9454
2467
4758
6898
95
11596
7173
5691
3955
1094
10067
2397
5173
7407
6384
2586
808
11222
5666
5217
11009
7840
5943
630
7613
7429
4097
6049
5876
6565
5156
4136
2256
6906
9247
8961
8044
3395
1322
6480
2882
8823
7358
4857
3197
3178
8149
8053
2212
923
4090
5378
3128
5002
945
10705
5405
2039
10371
6535
7692
8525
3235
8439
9375
4272
10430
637
4053
2780
2544
10933
3725
5574
11761
4139
3111
10217
4517
6708
1825
3458
11199
12370
6994
7158
4237
1154
7915
5560
7001
5796
6012
6538
3618
11995
9372
1544
12168
5625
8827
1333
3246
11286
5617
9692
10355
1062
6066
2490
8482
7183
702
5477
9132
10510
2931
5707
12431
4968
4829
10845
9639
5597
1096
11431
4963
6903
2467
6829
4298
3375
7362
3929
10903
4763
12057
1126
1554
1203
7916
10041
3358
6695
5948
2294
2838
1934
11537
6445
5123
7060
4976
12106
184
1997
11338
3830
3202
2701
9274
4656
3604
2755
7732
11401
9235
9225
6441
9568
6273
8120
1092
11205
8448
9946
8410
11134
2175
9209
11089
1043
1230
3362
202
9120
8072
5541
208
5271
5697
3472
8031
8397
9017
3520
5327
7670
4675
4259
9939
9120
9643
10761
1606
5907
5051
8076
6094
6219
1416
3303
7562
8586
12027
3061
12347
4360
5002
10103
7606
10589
1903
4940
12164
6331
5400
8407
5068
11217
5106
501
418
6452
12004
8751
1792
8461
3262
6233
4364
9894
10099
7093
9377
6517
10672
11799
7872
5667
9641
5648
6548
4106
2341
1514
5654
279
2914
2152
6768
6878
8393
10668
3442
1066
1339
2404
4335
11786
6704
11589
4578
11021
1890
3631
7925
11295
10821
2991
12185
5467
1590
2230
1790
9862
10993
3487
8083
4916
10578
3468
2872
4479
9204
2232
9135
9920
1197
3498
7297
4431
3429
3140
6742
276
11959
2403
8958
11171
8554
12020
7700
6706
5876
4508
10144
6592
11372
6511
4038
6570
8937
1524
785
3103
1298
1760
11380
11791
1565
8170
8864
5533
10023
9144
8610
11515
11047
12422
2414
10791
11689
4876
8143
8451
6881
6965
7507
10512
11598
11343
5865
6215
10735
2060
10096
1612
12215
1283
7710
9916
11176
583
7094
7753
6602
4227
9298
548
12332
10739
787
10232
10351
5970
10076
3361
1499
4502
744
5547
10607
7938
9079
838
8174
3508
6111
10331
4689
2093
6478
8552
6143
7736
10762
10582
8025
2185
1771
6442
1974
182
5653
6172
5526
2842
7962
9537
12123
3917
1714
4701
6071
3273
5612
1788
5780
5315
1657
6443
3983
316
5218
7196
316
7786
7481
4195
10102
11588
12137
10443
990
2389
251
4647
7844
9796
6658
2195
2820
10830
11689
11861
4547
8111
6507
22
9661
11617
1053
5338
8283
7446
6829
2689
9683
9568
4346
2285
6565
1378
3986
3145
1224
11238
10650
1847
3754
1672
9783
10558
1939
3664
1160
12027
2083
309
3293
10875
7684
5244
1435
880
912
3715
4066
6049
4825
12178
5327
3175
12370
2878
5309
3739
5896
1156
11673
6932
10769
10886
12039
8692
6389
6349
3920
8966
6942
4911
4138
11416
9190
537
1675
11575
3762
2523
7435
8314
1733
420
9438
2017
6574
5227
3189
5548
5396
1593
3565
5721
1110
6278
7540
4539
4959
2863
5297
7666
8531
1646
9241
1136
1989
6175
5088
5542
1802
10685
5622
8105
3566
8775
6979
7209
801
8012
6217
759
6520
3950
2626
3055
9608
1299
11060
3447
7848
1160
7769
2130
5895
8126
2384
10039
9332
10887
3503
4212
11526
1735
4490
4953
11761
5784
4618
1053
964
5082
6425
7127
6799
9658
6956
10842
10258
9006
10440
8405
6199
3909
4421
3990
11106
8229
1798
4291
5102
10442
262
927
3371
354
6694
2094
7125
4439
12421
12263
10534
6516
3470
5771
9365
8198
2641
3951
6417
6529
5369
10169
10780
11528
5314
4754
6888
1288
5242
8963
2508
3236
11882
8518
8767
867
10448
6215
10787
7775
8097
5088
10080
8979
2899
1751
4652
8297
3571
10826
3202
5653
7328
10836
4254
5670
5403
10081
498
3302
10240
322
6853
10663
2461
12179
2633
6088
4047
5594
7121
1832
9948
5728
11410
8027
7868
2717
4532
7992
655
1464
8517
7694
8388
11753
8581
3394
9413
10780
8226
