11599
256
12111
8827
11318
7130
4530
2911
5657
5648
12271
5126
4701
10628
2052
10519
7073
9213
11644
8365
5116
8027
12256
7790
8220
395
1845
12149
9345
2746
2493
3611
8876
9993
9044
5200
8986
12345
10974
6762
9055
8524
11791
7604
3109
8994
11643
7923
3627
10102
568
9708
45
9395
10346
4199
3273
1137
3454
5135
11999
3577
1682
1869
5618
137
8818
6829
10396
1256
12049
1977
2234
5862
11682
2209
2685
2979
6020
8020
9692
9547
4178
1478
9498
9023
3333
2252
11102
1288
10104
5128
381
5933
6575
11295
4036
5358
3687
2521
1987
7196
6377
6288
11952
3509
4730
6970
10739
7533
2867
1445
7307
10980
976
7838
4855
4562
1944
744
8977
6690
6184
6930
2879
1157
6376
10388
1241
1866
9264
8732
10473
286
1206
1646
1393
12386
6006
1932
9742
1826
1871
11708
9639
10129
5889
5695
3161
5871
1438
3366
5094
6699
1478
8441
1648
1244
3328
444
532
1670
5569
2697
8259
11113
1231
10509
7725
2484
11798
11564
5542
4186
4535
9876
833
9137
3432
9725
10184
1641
2199
5854
5460
7141
10661
8964
8670
2762
3129
2250
368
5066
8117
4484
9879
12050
8993
1463
6650
5170
7438
10701
7958
9028
1417
4331
7886
2512
6397
464
6393
2795
8971
11006
8378
1981
12148
12390
11858
1279
10519
10883
9760
2106
3083
7700
10029
4786
6022
11725
712
3554
12066
4725
7952
7762
9619
1498
6343
883
2447
731
11907
6083
54
12117
2398
6014
11689
10504
5633
1729
8929
1834
2255
7958
2414
9123
10453
3971
4812
3933
10070
3021
3666
11402
11211
6267
8339
9750
1111
8578
4540
4156
3874
819
6700
10963
7994
11513
5291
663
5484
8690
8476
5137
687
6158
4484
3262
11658
10331
750
9255
1536
4246
1155
6200
4770
11865
2147
9356
8298
258
10155
4800
10326
7070
7433
518
533
5008
10596
2361
4718
6843
1866
42
9742
8531
5305
4841
8914
4100
10841
2297
10687
11825
1562
5869
3634
3288
3314
10301
3640
6285
5004
9371
6914
385
38
4854
11616
9779
2403
4839
5717
11208
6934
4969
147
11137
12253
7480
1470
4034
1381
310
4190
2254
2111
11559
9353
5918
4059
11888
8414
10740
2879
6842
10380
6877
7934
7191
9927
7629
288
9786
7296
6356
3036
9535
10156
3102
8674
7437
6506
10454
12365
6602
4974
268
931
2069
3483
12099
9501
2860
11308
6944
8950
11961
170
9455
3736
4164
8832
3132
6302
10543
11665
2366
5642
9814
3496
558
3389
8233
8004
4895
9590
6008
8958
8102
1600
9532
10534
10625
4600
4720
2553
4028
8084
6208
10216
8119
9558
5653
11713
10018
2715
2981
4822
9963
10681
5696
8658
7597
4043
5838
10965
9816
5401
6623
8921
7082
5450
2961
3146
12012
2757
2359
2157
3492
5392
9475
7731
1135
3510
8421
5470
9580
11754
10339
891
8392
10875
3465
6483
10116
763
374
3365
8903
7671
5534
4520
9157
11251
590
9763
1988
3641
11876
11817
1444
2183
3984
1860
1262
1014
8455
8612
4564
11305
2015
3456
2953
4731
10570
7551
8598
1674
12087
1661
9797
632
5926
9098
5640
3742
6750
8227
9415
8878
966
7243
5000
2025
3966
6471
9369
1825
7024
2430
1379
2559
9913
892
1853
399
9898
9975
8220
8957
2028
9896
1682
2969
2116
1126
2740
8881
5751
4840
8765
4608
10703
691
11871
9736
4232
4770
334
3620
2146
4050
5647
1257
7199
6593
8506
2164
8648
6333
3868
8372
846
342
1067
1179
2299
5158
6706
10320
946
1624
2593
10017
3777
5407
5498
2407
2195
12198
7161
10403
10050
1436
9791
7587
10430
1980
11797
12064
7303
11248
5413
8734
11705
4750
9713
3214
1675
11310
1957
7594
10235
2477
7944
2613
8413
321
11082
7990
7434
434
4166
7047
11004
11964
2708
4345
5400
4147
10752
10255
3520
4047
6337
805
4031
7985
5239
10681
9824
3212
2572
5579
10366
7385
10355
11285
3125
10310
10030
5512
6473
7539
2453
1125
10537
4011
4633
9377
1506
109
5100
2526
6137
9279
9187
4593
8871
12109
4570
11015
8122
12058
7139
6003
188
10720
6498
5155
3926
3765
9618
941
4819
3215
2320
8873
4356
10120
2298
11435
10442
7027
9565
6825
10563
5684
5515
11182
12195
1205
4140
3102
10746
6871
3235
4121
4612
4134
2282
10048
4955
7687
5813
5290
5718
4113
9945
7555
7712
4256
9918
5301
1025
869
5323
2177
216
392
9540
7965
2461
11764
8320
10317
10054
7063
8439
12202
9117
9340
8870
7466
9749
2709
3120
5059
482
5324
1200
2016
6104
2128
3415
8755
4001
1958
5983
9887
176
7507
5154
10619
7366
8689
11422
2991
3387
9819
2225
9097
10412
9115
9187
3634
801
921
10400
1787
3658
962
4054
5984
6638
1075
10551
9414
10377
9114
5163
2335
11626
11434
4306
9102
10467
11189
12143
847
1282
2291
7720
10944
7207
2485
3322
10449
3574
5172
8472
6649
7765
10528
1025
10414
3131
390
4310
5350
5119
12347
9732
3299
9176
10320
8336
12044
2693
1182
10926
2131
12325
6023
10359
11087
2044
6427
3707
2246
10528
5563
72
2553
2565
5632
9368
2047
5665
1799
1078
9337
9606
11120
12225
2333
3695
2765
3564
5297
3816
10621
11620
11567
4003
9597
1048
10398
10424
11190
502
6042
11736
12002
8250
11622
7450
5932
1130
11791
9893
1074
10643
10910
3985
4590
10974
1774
10108
11781
2362
6318
2639
11981
1954
6500
9972
6169
98
7317
6778
1672
1577
10717
12089
606
11081
7401
283
5786
3582
2907
9494
2581
3696
5268
8288
8390
8105
9172
2604
1832
5714
2371
2378
12047
827
6337
4412
5565
10082
8885
11984
11250
7988
4185
74
4570
3803
9826
956
11316
5978
2180
490
11832
9204
591
8998
10658
1115
5449
12394
9495
4529
863
11475
8909
3097
12183
5597
4137
2581
6284
1058
9732
2848
7439
11280
4097
5725
5941
6269
8707
2884
8491
7359
3199
9278
3464
9996
6545
3
629
3841
9772
9591
1344
1307
2857
9514
11508
11026
4557
5446
11424
7783
8704
6833
10502
243
7749
1564
10430
216
8330
2356
192
5293
1763
2876
2376
1338
9012
5977
11544
9961
6547
5787
12184
7846
4153
10143
8666
9217
7283
4144
7793
2713
8807
5023
2934
5736
6672
5362
10317
4493
5485
11226
12269
8112
3706
3574
11631
10263
279
2537
11229
1938
7358
5333
5308
6999
12282
673
3311
2040
10275
1248
5069
10049
6891
1133
4907
6111
8488
4074
1347
10583
2592
9720
11341
976
5780
3466
94
3972
10421
1705
9851
7000
5962
601
3285
5148
8994
1020
801
6580
10769
5687
898
549
3147
2900
8701
12302
10253
11755
6615
284
8606
4745
7394
4202
4752
3185
9798
10728
7104
10758
7368
10973
10025
10193
5167
6083
3864
4553
12094
10375
1569
5406
975
6483
11734
1149
10208
4837
7447
7251
11979
7644
10185
7878
1374
1141
10656
1955
8397
1575
9227
1355
8514
10159
11314
11589
9011
6820
5849
9671
4991
2429
9066
1544
2641
10962
9463
1386
1787
9546
10420
872
5876
3522
323
3052
8277
6958
525
1464
585
6722
4278
7954
6446
1720
6971
5244
6655
10029
5570
1521
12154
9211
7177
11092
8420
10585
8643
6176
12430
368
5533
11607
5105
7802
553
1604
1695
7018
2059
3844
11672
10007
2359
11918
7006
9452
4473
1727
8294
11218
8984
11571
1523
9691
478
267
5394
12379
8986
8627
2370
10324
1454
10783
9151
2798
4953
4040
1108
4875
10194
7193
9093
8330
692
4787
6236
3309
8961
7795
8566
9462
1556
12142
3043
7264
7614
10491
11728
1831
6739
11967
10784
8647
7633
12221
11156
5274
6008
6119
5383
10766
2113
4116
4904
6705
11821
9808
5691
5549
12352
7089
7882
4540
5981
5429
8069
10185
5310
157
3550
9464
1932
1157
2912
1987
11516
109
3982
10457
6875
11793
11207
3295
9572
7329
5236
8870
1866
11805
3549
9402
4808
3757
4986
12340
4203
2598
1840
8428
4220
114
11531
4602
9839
4354
7678
10495
3834
7332
12153
8521
836
11535
1899
8229
940
9524
6130
11456
5233
223
6390
4867
6771
8368
9355
3811
2290
3535
8745
11516
9201
6736
11240
3812
2794
10902
2750
7660
5564
9672
12420
3863
4541
5559
3087
9055
2915
10538
5305
4769
2363
2337
385
591
2877
2430
1468
9371
2335
8373
1593
1860
2699
7693
6440
7701
7417
12043
6015
3906
7593
1106
9874
4876
80
4888
1850
838
9900
5627
829
25
146
6397
9354
2440
6253
7579
939
7778
6525
889
6649
5947
4174
4186
3447
8319
349
7568
3365
12202
5590
4901
9050
10071
1076
4163
7677
5454
1488
12359
7841
8802
9233
11517
4139
7814
10850
6913
1966
3786
2389
7380
5674
3187
6823
2155
1863
11053
7379
6752
10312
10255
10354
1837
11228
5216
5791
173
7043
5814
5653
11457
3180
3682
1298
307
2183
6195
11959
4137
2118
839
5561
6396
11439
9304
4625
7109
3683
341
2701
5636
5643
521
4064
866
8902
6402
5826
4023
11838
6745
9348
1533
8946
1679
7391
11833
9394
9502
6046
11806
2115
2434
5332
9751
5462
1810
1937
502
9412
3908
11075
11177
5800
7201
11829
9935
8432
10613
10787
10464
11544
9349
4942
982
10512
2223
7065
2941
3757
7845
2275
215
1043
10629
8542
8067
11971
2309
9591
7238
2683
8529
11029
11986
4049
5863
12344
4750
11622
12319
453
7468
578
6676
8010
2166
539
6281
3536
6677
4952
10872
4783
10545
8592
548
12031
8080
5203
2043
6838
1171
2495
2236
1582
10934
2331
3905
4963
1374
11175
11202
10093
9925
3384
441
7550
10850
9027
10143
7571
3437
2067
856
6984
7031
8071
7840
917
2584
5569
7186
613
5588
879
5659
4099
12284
4999
7565
2758
439
11065
7843
225
6722
5212
7704
8529
3038
9735
6397
6377
11236
4844
8533
4667
3946
12254
1284
88
1121
5172
8607
8001
1551
8165
6635
8518
956
1955
8805
3529
9819
2564
1076
1102
3664
9204
5363
2463
11214
355
1482
11037
3900
11174
2224
326
1450
5896
7080
1560
6083
3536
60
296
4985
8941
5262
6699
3661
8724
4918
2408
2966
673
9597
4491
4396
10526
8440
4520
12395
1354
354
8654
6450
5775
12362
5970
2888
123
11903
1195
10973
1599
5423
4700
2596
7441
2240
4169
12143
1287
7231
8433
4600
11753
549
2417
1840
3744
5502
6722
6769
10085
357
11382
8944
9562
2809
4646
3042
7772
12111
9599
4179
8513
8138
8401
8628
10543
5440
2891
5818
5327
2420
6809
5253
9649
8156
8200
4793
12338
2263
1027
7956
8172
8500
4425
9974
5487
2255
11043
11558
5744
12276
403
2185
3708
10563
12338
8314
5816
2025
4941
11598
10602
1108
675
2764
8822
12004
733
8721
12390
2180
9686
3501
12318
7474
9630
4965
8306
7384
3854
4905
749
3354
5609
11644
9467
6370
4480
7546
700
9605
1056
11902
276
4729
10770
5605
5491
4247
10377
6629
4540
7378
6593
11769
7268
718
11706
5925
71
9428
5022
4890
9719
9896
8488
8220
9494
1185
1285
10381
1259
8128
9395
7012
6592
6612
458
3849
6634
1089
8268
4799
8987
10372
9816
5446
494
3094
12045
7519
549
1689
4993
302
10421
9097
904
2302
9573
7021
12035
11529
791
7757
11740
5072
4246
7140
3304
2691
5696
5872
4745
7224
5832
9521
875
11088
2433
9541
2804
7330
7891
8605
8413
8810
8630
7359
3775
5636
11300
6085
10900
10077
12287
7776
10010
9077
12323
12434
4409
11630
10408
9195
11971
7251
9566
4026
4836
2736
7600
2907
2557
4864
2007
5953
7489
12272
8579
7546
1214
8954
2401
8418
9285
5236
6563
2730
1738
7150
12223
2431
7150
7791
8885
7422
1371
8141
8335
4582
9267
90
4389
3763
1990
2955
2238
6165
8156
3213
6933
8703
9327
7900
3295
7445
93
8362
8758
11386
1415
20
4170
5458
12347
4456
7490
10356
12075
4049
6410
9190
8395
2673
12310
11479
7119
10850
6589
10684
7041
9005
10570
11196
4579
11781
9364
9549
865
11703
1443
3975
7618
4081
1634
5993
4391
10303
6789
1503
10538
8645
6493
12434
5751
1517
744
6256
10966
9449
9285
3565
2271
8926
7616
798
7090
450
6964
9722
1447
11945
10781
269
6059
9647
11333
8184
6357
9744
3026
1108
3247
936
1327
7670
9926
7694
3639
4459
11380
6014
2533
10357
4786
10978
9879
2944
1747
4709
4309
4265
11379
11865
9759
6499
2577
8468
8963
1607
3597
2001
9789
8757
8509
1385
1058
8409
3323
568
700
10012
7748
9369
11965
494
10612
907
10375
6143
1055
579
10610
5197
7593
4251
2669
10101
4479
10144
2205
2058
6419
1210
4372
7331
4924
1075
1802
5731
7507
2881
2158
2725
9174
722
8628
75
11255
9826
5267
164
9344
9485
5610
1363
938
8754
4893
8845
7270
7462
3873
2356
8633
8393
113
1894
8967
250
4022
6103
4005
5273
12230
354
9464
1476
2475
12004
850
72
6628
7954
4707
5721
11500
9866
1411
2667
2530
10078
7562
9107
7096
9115
914
9888
782
5047
4191
7265
5381
5506
703
2554
6862
7872
11313
2347
11633
3646
4288
9353
6833
9816
1058
4166
11439
5704
4737
7744
4405
10554
12322
12239
4914
6337
11938
8649
1739
8457
3258
6229
4360
9890
10095
6879
9163
6303
10458
11585
7658
5453
9427
5483
6383
4081
2316
1489
5629
254
2889
2127
6707
6830
8345
10649
3423
1011
1284
2349
4280
11731
6649
11534
4523
14
2138
3879
8173
11592
11118
3337
1453
5862
1985
2680
2204
10276
11371
3914
8438
5271
10897
3787
3191
5075
9849
2841
9744
10529
1806
4107
7870
5004
4002
3562
7164
698
12345
2789
9308
11485
235
12334
8112
7186
6356
4988
10624
7036
11865
7053
4629
7161
9528
2111
1372
3690
1885
2311
11931
12355
2093
8698
9392
6250
10740
9825
9291
12245
11777
12297
3144
11485
12432
5808
9124
180
7826
7910
8452
11457
8508
108
6810
8956
3697
7960
11558
1376
5049
8143
1885
11131
8502
10291
12018
3365
1116
610
1356
8018
12138
791
8091
2018
5426
4021
3489
7478
1123
8865
8612
5286
11199
