918
1837
9149
9842
2568
7276
2667
1205
9488
9198
4791
9111
1148
5579
5903
1792
1406
4320
2821
11809
4271
5375
10216
2091
104
8763
58
1737
8124
356
4513
3304
3348
2962
1222
7834
1347
11794
2611
6295
10372
3190
11715
3925
5925
7282
5420
3935
10655
1383
5128
11475
8026
230
488
11085
6989
5578
11887
5689
410
1122
7543
10033
4375
3870
1450
8829
10445
10698
8286
10167
3619
6035
2400
4422
8730
5783
189
4791
11164
9397
7278
11776
6110
1561
11491
4269
8987
4632
8398
5454
8709
7114
1255
10943
1719
7305
1731
6410
486
12000
10479
10962
5921
9204
1578
5257
4780
8074
6059
5017
3514
2216
3850
6335
9527
11790
8532
4622
8422
11854
460
5738
2827
11330
6154
12037
11473
11346
2991
11165
3531
4469
5648
993
4726
8023
909
482
4688
4372
4826
4756
864
2581
8208
70
4768
3142
9748
1748
943
8625
2425
12328
10174
8123
11749
12146
10491
7073
2027
11988
11713
794
9975
8459
1714
768
3164
1299
6081
12342
7052
6788
6669
2957
8657
6516
3608
3076
6408
6484
8495
48
9901
780
10890
12019
5079
9492
10558
3397
1907
11298
1706
7845
9247
7623
7214
3245
1903
12077
1136
5231
3781
19
4475
4815
1538
9488
4868
11267
5774
11037
5130
12178
4683
3888
225
7877
6237
1228
12113
4383
11352
7903
2267
6515
1657
5195
965
7009
5885
8936
1204
61
3971
593
10929
4100
9250
7892
2660
2846
5328
4469
6728
2944
11960
2972
1174
6474
8982
10850
1147
12018
8069
6909
4034
3264
3175
8888
445
1666
3906
7724
4518
7508
10833
4390
8063
11179
4872
1938
11511
6158
4046
3240
3871
3365
4062
10675
4762
3459
10759
9242
5853
5505
5619
9608
3253
11017
10715
7400
9273
2893
12215
4798
11683
12309
9085
7016
7506
3315
3170
685
3444
2310
939
2618
4272
2827
6063
11301
6360
950
9175
11756
4388
3289
417
5930
8784
9560
8229
5494
302
8358
9284
3262
1955
2304
11037
196
6808
1103
7396
11405
11668
8056
2888
2543
12079
7842
6243
5949
41
887
3906
11989
2247
5298
1665
7109
9280
6272
3499
2456
2351
4619
7833
5090
6160
3275
1561
12177
4344
4542
9276
12117
6798
11301
7844
5216
8145
8986
10713
10766
9921
7259
7672
11428
6849
19
11439
7014
1771
9847
9985
8264
392
8904
1514
4741
4502
6261
10783
9967
11671
9955
7739
8696
2872
4713
8857
4630
2754
7669
6999
2079
12122
10715
1783
11750
4355
8342
5471
11853
10411
10891
3456
192
7971
773
7944
11362
1901
1695
10363
1928
4544
7468
5283
1387
389
783
5308
10641
11097
8237
4893
10810
6383
856
10296
2801
9774
12047
1203
241
10864
1076
6395
5907
189
9872
10273
12326
12141
9697
5260
4094
4865
361
2970
7359
8548
5674
3815
6692
10418
9999
2891
8279
8602
3483
3694
3990
8092
2259
2993
3104
2368
9356
5717
8790
6337
4323
9051
7038
2970
2877
9729
5893
8677
12167
671
5137
5642
12159
10165
10957
1025
7083
6777
5260
8134
9992
9236
3638
1702
8177
4595
6195
5119
1287
10728
3119
2907
6541
9977
9476
11101
518
7286
3518
8930
8687
1776
11848
10504
5952
1744
4053
9990
12100
3544
1280
4957
10644
1113
4562
9383
12156
700
5496
8734
12137
7736
6852
3458
8784
2659
234
2470
9879
467
437
6634
12004
8299
765
5975
405
5454
2812
2112
8049
7776
12268
1150
4743
9928
12412
2656
8333
10015
3452
72
10456
47
7670
2437
5654
9580
6836
3257
8047
205
6229
2291
6699
6494
986
11330
4814
9995
7327
4160
5421
5186
11964
3735
7809
995
793
1292
10849
8290
11956
10944
5576
7571
6053
3212
4076
9659
5806
7025
62
11852
5152
12169
1750
6780
5720
12111
3486
1747
1710
971
10357
6180
6396
10552
6853
5421
7352
6721
11231
764
1932
5446
7140
3035
10121
8724
1980
6953
9237
1859
5534
8570
7333
3530
227
11810
5154
3394
907
12261
11969
5044
2486
9433
464
11065
6215
8221
11216
9144
3083
11073
4513
702
2273
6712
12328
1292
1794
10854
10630
442
11001
4878
10123
4520
10443
3673
4508
9551
7416
2737
11916
7000
4889
542
6168
11411
445
11756
10391
7259
7260
888
10303
615
2947
12129
3155
12226
90
5503
11570
11487
8997
9774
9209
227
546
3444
7863
3672
10490
5071
11933
5534
2792
11501
9779
4402
5754
10382
5127
2668
7949
2852
506
9950
7755
11823
3622
8820
5671
743
6556
5950
1174
10860
11688
5120
8790
6752
11294
2039
7152
9698
2494
697
6543
9043
10000
12248
7741
514
5754
8019
5690
6250
5041
10360
4249
11579
4683
8406
8439
9320
2944
2329
8298
2209
7922
5969
3115
3741
2857
2229
5965
3970
12111
11852
11198
8544
7879
77
3570
1086
5503
8503
8579
7421
7302
761
3187
4284
6979
8011
10750
5193
1059
10864
8915
4557
263
6053
1482
11381
8131
2897
4514
2212
10691
6790
5121
1595
6951
5475
2314
10055
387
8197
4975
6627
9860
2625
1473
12117
7409
11906
3382
3411
8319
1927
4030
8593
11437
6459
10753
10639
11422
2255
10916
5035
8541
8330
672
11813
21
12014
6035
10693
7049
6416
8123
4348
9432
9761
11788
10295
8052
10755
11012
7875
8627
9812
1675
7777
8279
3028
4261
2592
3264
11458
2849
3620
10925
6500
2513
4076
1038
6052
12171
10784
1152
3051
7068
9393
6538
7707
5621
1701
10921
7604
12288
379
2094
8666
3430
3102
20
7460
9035
10647
11743
774
5465
6032
698
4573
3394
1252
9226
10701
1704
1830
312
5083
5879
11407
5864
925
2683
3903
12020
9018
2600
5591
7519
6547
11897
1631
1161
4757
914
6757
5803
2143
5464
5337
5564
7479
2425
3341
6748
2703
7865
7275
6155
6977
5484
5528
2121
9764
1264
4491
714
10854
6836
2194
7743
3207
11800
8812
1024
6790
4768
6110
7726
10298
11662
10205
6230
3683
5049
11505
11410
2183
11707
1860
10540
6738
9920
10855
8841
6734
595
6799
1847
10332
5488
7644
2930
6271
11269
5575
11856
8231
1989
3593
9628
7451
4354
2428
7967
11196
6073
5675
2422
5435
2970
9011
3810
3696
8143
5125
6124
5072
12085
4951
10127
5737
4289
10188
1780
11931
5664
1985
9401
8403
8580
7172
6953
8227
7771
4669
1269
8462
2760
6037
4696
11695
2165
448
12296
8669
2680
3544
8656
10239
2903
9881
1561
10243
4253
3067
9161
1260
40
5298
7763
1571
9869
2999
6981
3475
191
10942
8306
465
6333
9687
6231
9552
9176
301
6527
6428
2559
4348
669
3457
9466
12341
2384
4099
6626
63
6123
543
4460
4670
6927
8094
9387
10839
2139
1190
7508
12039
9175
447
3248
1236
705
12269
7774
6523
1224
7954
4469
412
5729
1322
2434
6386
2121
9360
8483
10379
8370
2107
4231
8966
7071
7258
10971
5539
10445
10103
5158
2105
3674
5051
7769
11397
10885
4746
8233
7298
7334
11536
6352
3167
10088
7316
5186
2829
9099
1989
6096
10772
7183
10815
6068
4572
12262
2546
9723
9599
282
8067
7889
2909
12341
12216
9048
5494
10707
1175
882
11936
2056
11490
4266
8186
6574
8379
1765
3430
2920
6140
6668
10673
3046
5908
3372
5375
1617
4474
11645
2367
5602
5396
12291
3471
10993
5660
6376
5088
4041
4435
9009
12308
5661
12251
3192
8567
1115
4900
6819
1905
5928
1383
3656
10678
9072
109
5806
9657
3890
6756
1089
9702
3592
9735
7510
7634
7054
4062
6622
11060
12249
9326
11560
11399
7273
12346
8604
1812
5661
15
7542
7789
7473
12425
7815
8405
8378
12371
8732
11805
9352
7387
11833
1252
5534
6088
10731
8516
2195
5523
2306
7711
9772
2062
1821
8292
719
9559
87
7736
10659
1153
33
8904
10107
7546
8216
8475
7399
3567
1533
5399
2727
4914
2972
6897
7143
2847
9615
5847
11308
11065
7001
719
8774
475
2769
6480
12368
6957
1994
1155
12259
3763
6049
7543
11051
3667
3470
8217
2002
11359
2472
7502
9505
3241
6599
1795
5093
10066
3090
3109
7820
12115
8154
5637
1992
3175
226
5582
4882
10819
5165
9167
5875
614
2462
361
5573
11250
6448
6369
8438
11210
3442
2319
1954
8522
11963
13
6076
10915
11401
8550
1772
7981
7686
3658
8688
7486
11203
183
7139
11650
7374
1638
4893
349
3275
3073
3572
11442
3516
11303
6784
4924
8965
8382
5541
6356
11890
341
2756
5367
5388
2019
859
4128
1423
8098
10885
2103
5570
8855
8165
10010
5027
550
11423
9378
7946
9926
11587
10461
1680
8786
7887
9371
5266
12352
10955
4211
2247
1855
7776
6628
11450
9662
5859
2556
11448
1655
11560
11991
2277
11606
2285
4815
11762
2842
10100
8544
9728
11341
11756
12056
2775
6646
2835
4308
8796
7253
1977
2547
11767
10579
10398
1828
160
11717
6114
12086
9879
10312
3505
6240
165
12081
8741
6630
2234
7811
1646
11966
2260
1610
9784
8952
2580
11995
2307
4590
7562
6149
2325
3301
4047
245
1023
10885
11662
11097
6446
2903
8738
10657
3520
12280
327
2813
1288
4582
2952
81
9847
4682
8918
6623
4164
9494
4397
2051
3332
582
6198
5831
7326
7363
2435
8199
7593
2817
9053
444
8286
1542
4162
2025
649
8942
11488
4186
10627
11804
5541
4018
2852
9776
2549
7789
10005
7676
6593
550
6004
10039
4935
7208
10931
10964
11845
5469
12399
5438
8553
10316
11974
5689
6315
5431
4852
8637
11356
7673
11019
478
2786
10747
2994
6536
4052
8469
6057
3276
2328
2764
5790
5810
1029
9602
10634
5047
889
959
7213
12369
973
2690
8480
2407
12021
10607
2804
1138
10158
11334
735
7793
4267
9721
138
5035
10115
9587
4200
9126
2078
7912
293
4341
8037
10228
11080
10501
10711
5678
364
6947
11510
10050
9376
7683
1137
214
4861
7333
9838
1627
11345
3687
6747
3036
9193
5803
12019
10587
10312
10942
7167
12251
12296
96
2123
4967
8417
6703
8162
11789
5297
4788
10841
11392
5425
2095
4842
3029
3518
5570
6292
5329
1162
5185
5266
9685
791
11506
8508
3873
5772
9789
12114
9259
424
3459
7636
4907
2881
7864
2770
5011
11583
6347
11798
3772
5305
7143
3679
4736
3691
1944
8802
3468
8012
4488
2457
1437
9650
1183
4747
3180
7951
8698
4132
484
4221
5209
3249
10727
11788
5370
8361
10289
10364
9154
11758
9739
9084
3880
9723
8769
5109
8430
12242
10802
3304
2301
5867
9665
5669
10831
10241
9121
10122
4722
6093
3157
11238
3838
7016
3239
5281
9410
2041
11255
210
3360
11946
3255
9070
7048
8488
10153
6702
7574
6476
4800
6603
7231
6027
1252
1157
637
8743
12380
10526
620
4255
504
8916
2777
8981
4078
594
654
3182
3449
7435
11076
820
4101
1407
3975
2808
2597
10695
8687
1475
10019
11307
764
7629
4448
3169
8615
1532
8241
2382
9938
6920
7919
6867
185
1445
4926
9919
4185
2621
3298
9523
7084
3441
10857
3229
4549
8170
10407
8317
9038
5936
2559
9703
4001
8894
8997
8133
8399
9125
1492
10510
3040
7548
6201
4163
6522
6406
2554
4526
6477
1902
7070
8368
5367
5787
3727
6161
8481
9297
2521
10116
675
2851
7037
5901
6355
2615
11449
6337
8324
3736
8981
7185
7415
1007
8205
6446
1024
6736
4082
2830
3295
9884
1575
11336
3723
8124
1436
8045
2171
5887
8118
2376
10031
9324
10915
3482
4191
11505
1659
4414
4877
11685
5708
4578
1013
924
5042
6385
7104
6727
9586
6871
10757
10173
8921
10257
8294
6088
3488
4036
3605
10757
7831
1436
3929
4776
10067
9627
517
12379
11541
6320
1720
6751
4065
12047
11889
10160
5999
2953
5254
8848
7717
2160
3470
5936
6048
4888
9731
10342
11090
4876
4316
6437
837
4863
8584
2031
2472
11118
7790
7990
90
9707
5474
10046
7070
7428
4593
11993
8484
2355
1207
4108
7789
3014
10269
2596
4832
6458
10002
3420
4836
4471
9149
12357
2370
9308
6119
5781
9565
1399
11117
1571
5026
3021
4568
6095
7621
4067
3738
2032
9159
7925
4333
6631
8447
11947
9442
5456
5769
8659
7798
9056
194
1451
1705
7394
11404
9296
3248
6285
755
758
3228
12248
6106
5855
8081
11084
4247
12086
11442
1382
3883
9531
12371
10965
7892
9714
8745
1981
556
6130
11156
306
5533
11973
11767
9549
8568
6652
2812
3677
9825
7805
2918
1601
2712
3323
5911
6635
10994
12209
185
8987
11705
7544
5388
1017
9949
5772
1783
8010
7052
4297
5926
3077
9045
9562
9494
2768
3129
11996
9011
7926
11170
10685
4167
11958
9047
1659
8543
8925
8637
1124
9814
7130
1221
4978
3672
10180
8321
12071
3433
8524
9574
3936
4503
624
9746
6294
2328
7356
415
1857
8974
5065
116
7531
7341
11645
9030
7571
11525
10357
3230
1630
8419
9294
6044
8789
5279
8111
5563
4040
7079
3024
8824
2811
8385
10162
6556
1608
1363
6095
1824
6529
6360
9781
10370
5147
8777
9472
6845
10148
9311
11235
5076
5724
6366
4225
9526
5611
2608
10177
835
10521
1275
1493
1254
11404
7254
3236
5065
4865
11407
3514
949
4471
4035
9522
203
2690
11239
3559
6525
7820
5564
10722
4702
1890
2494
8685
3010
2323
518
7517
5041
10580
8346
11464
5327
5653
6625
5515
11830
4705
1645
7819
12429
2095
5268
3537
11532
428
10531
10749
3945
112
1284
5047
11784
9636
10153
9513
10222
12032
967
6933
10252
4417
6295
4739
810
9377
9371
10792
1752
8140
5381
3928
7963
6195
3945
6107
9435
10287
266
789
4651
12317
8122
1819
9454
3821
4561
5318
12397
3482
4624
9742
11053
815
2323
12149
8432
521
8608
10052
9184
9179
3623
10730
12132
1137
4979
7346
3754
5770
9755
2204
3384
2930
8968
10256
11319
7309
514
624
12116
6992
1012
9631
10500
11605
4999
3107
10191
2608
8660
4305
5836
10829
2335
1671
2906
10822
5369
9590
2469
11437
1054
4212
10503
8605
2238
10955
3138
12245
11613
10110
8812
10446
5216
534
3726
10076
6563
3174
2826
6307
5518
9764
10772
5919
743
6626
779
10199
10575
10739
11677
8246
9141
9100
2983
11078
