8136
9776
7776
10500
2636
1549
8487
12186
1871
5225
8912
6932
2256
11589
9032
8683
10784
5243
11542
12131
12128
5760
10495
2158
494
8177
275
5383
11431
236
16
5293
6174
2550
12096
2765
6370
7436
4608
11116
948
3237
32
6910
5191
9616
173
11707
7650
11668
5506
11971
4731
11394
1937
6665
2281
4967
9202
11326
10128
8809
10952
2816
11040
3646
11662
12120
9103
10672
5816
3238
1047
76
3934
9078
4476
1365
1473
5626
5239
8098
8499
10004
3859
7620
8737
7167
409
5085
3945
2499
1180
8121
7242
615
846
6828
8920
2129
4985
597
7351
281
11642
7604
7220
6889
3834
9666
6431
10862
6667
1946
3531
8352
11558
11344
8005
3506
11558
7499
64
7295
2238
911
12319
4551
7261
4170
517
442
10081
5015
12224
11166
3126
5283
7472
2632
7481
9860
2030
2960
7435
9753
4788
1198
9270
4293
9961
12218
11007
7683
7219
11292
6527
8709
4675
9946
8410
4038
8345
6061
5715
5643
12163
6018
8663
7382
5609
9537
3106
2759
7575
478
9070
5271
7707
8585
842
9704
2346
2917
9732
10961
2637
4289
2674
4151
7317
7107
5122
4979
10907
12221
8786
1739
9358
2321
4975
6041
9955
2444
9990
11047
2775
11869
10742
3401
7042
1372
9763
6443
6590
458
1030
11983
2653
2850
11825
10885
9715
61
3381
4044
5182
6596
8767
2826
3254
1402
10106
12161
7703
2737
5003
182
244
11994
7430
9807
4434
10480
2686
9098
10436
6952
4014
6845
704
11460
8351
7121
611
589
7079
3867
6547
11772
3630
3804
3930
9028
7015
7520
2003
9590
4864
10115
3499
11026
10867
5580
7406
10866
3480
9699
8376
3563
10790
9381
1720
5807
11777
8342
10541
7953
3184
8543
6305
4266
10109
7828
4967
8820
2278
5453
10133
10058
5108
248
6482
11765
6060
1091
7566
3220
3844
5054
9786
5845
9993
5715
11109
6277
9976
10062
6032
7485
10486
1747
9
8262
11145
5337
10385
12272
2647
5934
1528
1682
2286
11985
9472
12164
3987
1103
6285
11337
10111
6635
210
7365
4530
4227
5081
194
2328
9890
6731
6597
9384
2423
9923
4501
3764
11064
4386
4400
4182
3275
1975
11323
1948
3152
10880
4800
2625
1813
2622
12051
3151
10966
3829
1385
7781
7596
6582
3684
11542
2873
1215
10277
6962
6720
7713
10444
345
8761
3178
8521
2369
2942
8687
2553
5746
7171
9198
10675
7977
6099
4281
10863
9050
1015
9942
1941
10001
3925
5887
10778
11571
7068
11576
1061
12284
7958
3286
6539
9639
1802
266
2012
12197
10779
11381
3620
11853
7557
5156
198
10869
8203
7266
3454
7953
6229
4822
1852
8859
4556
2906
10049
6907
5806
2872
8067
5707
5747
4458
5655
9897
7218
7454
179
8299
10266
1366
6328
896
3499
10814
12043
634
11939
422
11978
4084
4274
2323
11164
8772
3438
1204
6049
2168
8811
8003
9504
7688
5645
4454
10649
3234
6685
8012
3752
966
10660
11187
4376
3339
11198
12068
949
11018
3338
4543
4061
522
5740
2853
9327
1405
1422
12044
12370
3706
6342
11635
2851
5632
11081
4568
3285
6903
9590
8674
197
11904
12172
1357
3796
4594
12219
7588
4861
6289
1562
12246
11669
5427
187
1025
1454
6334
2626
2014
6970
11342
10988
1249
9419
3245
10490
3655
2807
12432
6741
4553
12035
7568
77
10295
8158
1556
8271
7108
11403
7837
10803
3330
2793
7961
4326
8761
10607
7445
843
7791
10483
5756
7642
9233
4707
5428
1055
10053
9974
10378
1471
4952
2785
8895
10134
5985
4773
2815
11504
6299
1873
3053
11915
4501
11720
9711
4304
3343
6265
10491
4932
5285
11678
2074
2623
4647
4096
4481
9212
3851
11229
10021
2893
450
3927
3317
2889
3412
9288
6816
5084
7345
4588
9589
4633
2581
4060
11410
7595
4846
2502
12265
9520
11788
5294
2078
7771
633
10211
2978
10956
10403
6600
8620
8801
3908
4991
874
1288
1285
8173
6976
5513
5404
11459
328
2751
10500
2503
4160
803
2074
4657
12104
5635
6875
9975
7133
1780
2979
9382
300
7639
4377
2640
11682
10419
5122
11733
8627
11186
3240
6732
9538
9930
2173
42
5534
9581
3415
4190
5205
10921
10817
1021
3822
4936
6345
7371
5183
9863
3615
6843
9675
4300
11277
7161
5410
2192
10284
776
7090
1994
9715
4484
4832
7528
3027
6103
7140
6201
7102
3850
3127
5620
7694
3830
4986
6268
2102
1444
10261
11877
2833
9087
9683
7389
2249
10093
7247
9609
5887
11116
8356
10761
6821
11696
2031
7050
7225
1045
5233
9367
9222
11456
1015
9127
8298
5905
5106
5486
7285
2612
27
6844
471
4489
5399
10793
11026
1499
11654
11154
4010
5244
10153
9736
12073
5419
1671
3501
10314
9642
2644
5656
2669
7934
4249
867
2611
1397
1376
6134
7060
6639
10377
11167
11268
4549
3297
9554
11468
8392
7570
1648
3513
11529
3611
5224
1474
11856
6546
11409
11405
5724
8768
4065
8547
1543
4105
7702
564
2862
755
10237
12273
1407
917
6696
10992
8713
9552
11597
4191
2150
11800
4107
10155
8110
6421
9012
11985
8323
9906
7920
6470
10966
6393
10259
10612
10469
7101
10507
12167
9714
11757
8167
3531
10406
11522
2153
10742
4727
10642
5187
4956
5385
750
3259
2910
3648
2288
1317
5632
1414
4997
12189
8917
11573
11800
3906
308
6249
4784
9912
11768
4944
5244
6892
4563
10754
1271
2657
358
6918
10973
7220
10478
11286
7454
3618
4775
5608
318
1242
5355
9533
12000
9585
1283
12160
2995
8065
857
11808
10041
6131
8628
1403
1747
11539
6318
737
8429
5783
491
1826
7705
4777
5047
2692
4084
2879
3095
9303
8123
11337
5249
9761
9153
11581
5812
872
11564
3537
8969
9036
4387
2986
3198
4176
5663
4364
2441
3559
8014
6225
2403
1742
10151
2688
2598
8614
7457
11132
2513
12131
8052
11129
138
4500
11876
1046
5033
10713
11274
3704
2633
2666
11554
5944
5832
8006
1323
3464
2980
3679
10658
6792
10268
4263
2941
4878
11960
11283
9817
11114
10013
9842
1167
666
10587
2621
1618
9414
4648
4009
9813
6875
4323
7499
4253
6149
4359
3373
4523
7893
10417
1316
553
7636
11954
12118
9683
6071
2369
8224
2736
7501
5004
3782
4257
11866
6555
11084
5559
8444
12367
10227
3574
3158
12195
7983
8434
11759
3526
2375
7962
4628
9891
650
10402
12188
5040
3375
4400
5003
969
3104
9456
9679
8027
11700
11517
8829
11936
7401
3793
8697
4922
4462
11983
11249
8226
10059
2753
9106
9915
10129
4724
616
7439
5106
7998
5697
11221
5917
11112
7425
7177
11498
1871
11229
4707
902
2636
12205
4731
1158
1290
11080
2691
2246
5584
2992
4113
12117
3023
2630
11068
5665
9981
4915
6804
972
6047
9371
5197
2436
5799
4953
3297
4761
783
8209
4391
10371
1678
2677
6763
2021
10838
10424
9798
7662
9307
5944
794
12266
4195
8032
2047
2781
10358
1468
3834
11927
9328
4605
9184
2784
1728
10422
2928
6587
7327
11478
10046
898
1815
961
4442
10826
3937
8841
5622
9741
7630
11512
12325
7022
609
8177
10365
290
9549
688
5786
3773
7631
5518
8589
7664
11193
4736
2163
3263
9486
84
5155
1601
10637
4124
9692
6753
778
1117
2518
10000
3561
2094
2696
5148
3119
8350
8470
1867
7729
2090
7547
12046
10371
8964
5994
7102
3420
6857
3147
8915
9507
1523
11719
9310
9350
7646
9490
8302
2182
9102
3880
12000
2550
5067
10029
6847
11956
6458
847
5858
8013
4172
10719
3244
8024
7260
12171
9220
5657
797
3231
5477
12120
483
10666
9841
4395
843
3536
6478
9504
10880
6571
3736
3158
946
3311
792
4709
6362
2207
9152
1157
7166
6684
4483
3885
3588
2126
11186
3653
2930
1791
5986
8622
6913
4150
9782
10829
3905
5663
9281
2159
11052
2575
11476
8018
6120
9128
2039
10298
2113
7190
8618
3891
4354
6246
8800
11698
4154
3979
8859
5151
4539
867
3515
4476
3022
4892
37
6827
6474
5626
11351
9609
5837
5033
4043
5608
11651
532
4326
11041
9878
242
3461
988
2916
22
7491
6949
11433
4083
844
3564
3978
9969
9412
11374
5032
7575
8296
3874
7825
535
505
4033
2153
5216
8075
1252
8510
7249
5291
5269
1594
107
7932
1257
4932
4567
12236
6829
5868
8643
3765
12022
9818
679
226
4854
6878
6327
1984
11443
10916
12091
1452
11895
5445
6011
5401
1218
5594
11470
4659
10126
4795
10595
2503
6962
4910
6389
11579
9924
9376
8425
898
5086
6723
7623
1534
10051
2864
9471
6376
8666
3085
6311
10265
11032
1840
7271
3154
3617
7908
4846
9714
7683
249
6255
1255
4982
1011
247
9770
4684
3356
9011
333
1851
9057
12059
9217
3864
1213
8319
11461
11369
6775
1314
3178
1429
7206
2377
1382
9125
7891
2076
3603
11573
3816
1685
7177
11224
2584
6560
5005
4159
10712
2566
5367
6579
8037
9063
1217
11208
8419
12157
7278
5992
2310
8951
7200
3982
4892
2330
8710
5074
5960
6274
6622
9318
4817
7942
9575
7652
7129
7557
5952
7263
9337
5522
6629
7911
6944
2619
2463
6917
3771
10632
11179
8885
3745
11540
1297
874
11911
11697
8657
10860
116
5660
3821
8840
1625
11539
4499
4861
6800
3970
1056
11162
10382
7989
4212
5499
10839
6085
4042
9173
2800
6818
7728
1704
687
562
11067
6040
1414
7769
11189
194
11726
2114
11640
11712
6159
3375
3495
8524
5537
10851
2025
3784
8901
9506
3943
7270
12233
9458
7352
712
1502
1603
8088
7076
11823
7348
10400
4026
5891
6129
5989
7602
1716
887
4912
5749
1852
8298
11391
6688
11170
4166
9240
716
9405
651
3062
6660
866
4520
4030
9760
6412
12289
596
949
10368
2735
12319
7024
5012
11076
8989
11247
890
1618
9491
10837
9387
3153
1448
2979
5470
2673
8549
12285
4915
2698
245
11084
6448
9543
888
1651
2756
2588
5682
1320
8069
8498
3863
6372
5264
7116
791
4161
12024
4233
7718
6319
11687
8608
11629
2386
3339
10269
8653
11642
51
7567
1336
9515
2165
6608
7213
2914
4397
9688
4604
10039
6493
862
1670
2365
9368
11537
405
4110
8223
666
7952
2433
18
3101
2522
347
10269
6048
2192
8999
11496
4271
5449
6564
8038
1451
11258
8602
3310
4645
10475
7596
5190
5197
11931
3646
9156
12220
11089
5142
8166
11378
243
10954
7151
3040
7536
2144
12033
12100
7451
6099
5293
3603
11773
12317
3704
6280
10686
8897
5075
4414
12167
7201
3535
7332
1761
10635
879
1658
10234
11034
827
3240
11914
5030
9621
968
509
1119
4913
4946
10987
5115
10722
9639
5479
5548
5113
5812
9211
8974
2811
5974
1191
11675
3428
9283
11901
1033
12048
11877
6592
7432
9316
9671
10592
11351
6585
5982
11822
8920
3724
2248
791
4460
2296
5246
6432
9802
12362
3261
797
7847
5549
11733
8270
7618
3867
9722
4234
8999
10164
10715
8781
5642
9327
4962
6986
9871
8163
11605
8001
6691
11646
5822
6814
6285
6933
7575
5434
10735
6820
3817
11386
1946
11668
1975
2193
2062
12212
8013
4031
5860
5660
12189
4296
1794
5352
4916
10354
1035
3558
12058
4414
7416
8711
6178
11287
5218
2357
2961
9152
3428
2728
959
7909
5045
10584
8386
11540
5403
5631
6639
5565
11880
4706
1761
7886
11746
61
5371
3627
11622
518
10572
10790
3993
62
1234
4997
11685
9537
10054
9414
10123
11884
1022
6890
10209
4410
6288
4732
803
9406
9400
10821
12283
7745
4986
3533
7568
5800
3550
5712
9040
9892
4991
506
4391
12057
7813
1510
9096
3499
4239
5032
11824
2909
4038
9107
10418
180
1688
11514
7833
8628
8196
9640
8772
8767
3211
10318
11720
725
4567
6934
3163
5179
9164
1613
2793
2339
8413
9701
11783
6692
3895
96
11624
6500
556
9175
10044
11100
4530
2638
9448
1901
7989
3634
5165
10194
1736
1072
2258
10210
4424
8645
1524
10492
109
3303
9496
7549
1182
9899
4265
5741
5573
5151
7594
3853
5388
1216
11361
8427
2628
9984
6500
6668
482
8131
157
3062
1940
9940
497
3044
10201
8355
2589
3471
9030
9893
472
8859
2909
5327
12316
12385
6429
9526
3395
8708
532
4494
7319
2645
4440
1291
1096
2562
5024
11814
3175
10493
8666
8124
9182
255
1063
4580
1412
1844
4456
1006
6546
1665
334
10777
10875
4018
9692
8415
8936
9249
7457
3252
10168
1279
5417
1969
11667
5037
12140
3928
2298
11133
4707
1304
857
9465
5452
10043
9751
3997
3958
1715
10355
12235
6210
3303
11361
3192
3185
7277
8374
4582
5904
554
2571
9919
11717
4181
6392
11660
9813
8018
2152
7140
1897
7730
9387
50
9717
2358
3977
8258
11376
8363
5685
7710
3716
747
6543
6449
2123
5288
12162
8334
11418
5128
4539
2429
8707
9713
1383
9765
3525
8587
572
7238
12206
5451
7578
6579
4954
3880
6514
5477
4673
4994
4422
5701
1232
7862
4069
11473
9988
867
4500
11716
9047
12266
10633
9404
3664
11451
3757
9897
4901
10391
2828
1165
5011
5782
1905
6277
8499
884
1662
9810
274
7016
2017
2367
11984
7857
1501
2692
9871
10292
8302
1617
2675
2582
6144
4257
6135
9300
174
5103
720
3959
11263
2721
7796
12354
4582
5657
9013
11492
6770
4930
9820
1543
7190
6240
9489
3891
7088
260
10166
7646
355
1352
10139
9546
6265
6232
8517
658
1886
2936
6453
6977
9931
11639
2815
2223
1721
6108
11837
3129
1977
11126
8506
11697
2525
9757
8184
12407
9971
9205
9075
4577
5715
3016
1083
9215
5992
6287
11523
40
8557
9045
6342
10919
4467
9637
2883
8492
7588
9465
1794
11459
12184
6726
6895
1391
4000
11053
118
3446
9657
9448
10964
12226
1379
7831
4600
4647
8137
1251
9696
11609
337
5192
5668
3717
7967
10408
3090
8421
12055
315
7064
6762
5948
9064
9157
4977
9753
5661
4009
1716
3639
8211
7230
8209
9727
1070
10836
2041
11942
2869
6874
5551
738
5196
8715
10289
5945
2664
5870
5656
5638
918
6277
2218
996
9392
8065
1255
7027
3975
